# Tor state file last generated on 2014-08-21 11:34:34 local time
# Other times below are in UTC
# You *do not* need to edit this file.

EntryGuard test003r 770CEFC1CC8F5C42280CB8600A8B4B545F91F173 DirCache
EntryGuardUnlistedSince 2014-08-21 11:32:16
EntryGuardAddedBy 770CEFC1CC8F5C42280CB8600A8B4B545F91F173 0.2.4.23 2014-07-24 02:37:37
EntryGuardPathBias 19.000000 19.000000 19.000000 0.000000 0.000000 0.000000
EntryGuard test002r 78C676B6CF3375AC6BF3631310D69B81984C2E92 DirCache
EntryGuardAddedBy 78C676B6CF3375AC6BF3631310D69B81984C2E92 0.2.4.23 2014-08-08 00:23:04
EntryGuardPathBias 81.000000 81.000000 81.000000 0.000000 0.000000 0.000000
EntryGuard test000a 69C62DA6F3AA8E94EFA02BC3392AEF83F8351C1D DirCache
EntryGuardUnlistedSince 2014-08-18 19:27:04
EntryGuardAddedBy 69C62DA6F3AA8E94EFA02BC3392AEF83F8351C1D 0.2.4.23 2014-08-12 18:43:30
EntryGuardPathBias 11.000000 0.000000 0.000000 0.000000 0.000000 0.000000
BWHistoryReadEnds 2014-08-21 11:41:24
BWHistoryReadValues 10240,10240,10240,11264,7168,9216,11264,24576,11264,10240,8192,10240,9216,10240,7168,8192,43008,35840,11264,5120,8192,24576,23552,12288,15360,14336,14336,12288,14336,9216,8192,13312,12288,9216,12288,11264,9216,14336,10240,7168,9216,7168,10240,11264,5120,18432,8192,10240,11264,9216,14336,7168,9216,9216,13312,5120,13312,13312,8192,8192,9216,11264,10240,9216,10240,8192,10240,11264,7168,7168,7168,6144,9216,7168,7168,11264,8192,6144,9216,10240,6144,8192,10240,10240,11264,9216,11264,10240,7168,11264,10240,9216,8192,7168,13312,555008,7168
BWHistoryReadMaxima 0,0,0,0,0,0,0,0,0,0,0,0,0,0,0,0,0,0,0,0,0,0,0,0,0,0,0,0,0,0,0,0,0,0,0,0,0,0,0,0,0,0,0,0,0,0,0,0,0,0,0,0,0,0,0,0,0,0,0,0,0,0,0,0,0,0,0,0,0,0,0,0,0,0,0,0,0,0,0,0,0,0,0,0,0,0,0,0,0,0,0,0,0,0,0,54272,0
BWHistoryWriteEnds 2014-08-21 11:41:24
BWHistoryWriteValues 5120,5120,6144,4096,3072,7168,4096,28672,9216,4096,8192,10240,4096,7168,4096,3072,33792,30720,7168,1024,4096,21504,20480,7168,18432,8192,12288,13312,16384,4096,8192,11264,17408,5120,9216,14336,3072,16384,8192,3072,3072,1024,10240,10240,1024,23552,7168,4096,10240,8192,16384,3072,8192,4096,10240,1024,14336,14336,3072,4096,7168,10240,4096,8192,10240,4096,7168,10240,3072,1024,3072,1024,4096,3072,1024,10240,4096,1024,4096,10240,1024,4096,8192,10240,10240,7168,10240,10240,1024,10240,10240,7168,4096,1024,16384,559104,6144
BWHistoryWriteMaxima 0,0,0,0,0,0,0,0,0,0,0,0,0,0,0,0,0,0,0,0,0,0,0,0,0,0,0,0,0,0,0,0,0,0,0,0,0,0,0,0,0,0,0,0,0,0,0,0,0,0,0,0,0,0,0,0,0,0,0,0,0,0,0,0,0,0,0,0,0,0,0,0,0,0,0,0,0,0,0,0,0,0,0,0,0,0,0,0,0,0,0,0,0,0,0,54272,0
BWHistoryDirReadEnds 2014-08-21 11:41:24
BWHistoryDirReadValues 0,0,0,0,0,0,0,0,0,0,0,0,0,0,0,0,0,0,0,0,0,0,0,0,0,0,0,0,0,0,0,0,0,0,0,0,0,0,0,0,0,0,0,0,0,0,0,0,0,0,0,0,0,0,0,0,0,0,0,0,0,0,0,0,0,0,0,0,0,0,0,0,0,0,0,0,0,0,0,0,0,0,0,0,0,0,0,0,0,0,0,0,0,0,0,0,0
BWHistoryDirReadMaxima 0,0,0,0,0,0,0,0,0,0,0,0,0,0,0,0,0,0,0,0,0,0,0,0,0,0,0,0,0,0,0,0,0,0,0,0,0,0,0,0,0,0,0,0,0,0,0,0,0,0,0,0,0,0,0,0,0,0,0,0,0,0,0,0,0,0,0,0,0,0,0,0,0,0,0,0,0,0,0,0,0,0,0,0,0,0,0,0,0,0,0,0,0,0,0,0,0
BWHistoryDirWriteEnds 2014-08-21 11:41:24
BWHistoryDirWriteValues 0,0,0,0,0,1024,0,2048,1024,0,1024,1024,0,1024,0,0,0,0,0,0,0,0,1024,0,2048,0,1024,2048,2048,0,1024,1024,2048,0,1024,2048,0,2048,1024,0,0,0,1024,1024,0,3072,1024,0,1024,1024,2048,0,1024,0,1024,0,1024,2048,0,0,1024,1024,0,1024,1024,0,1024,1024,0,0,0,0,0,0,0,1024,0,0,0,1024,0,0,1024,1024,1024,1024,1024,1024,0,1024,1024,1024,0,0,2048,1024,0
BWHistoryDirWriteMaxima 0,0,0,0,0,0,0,0,0,0,0,0,0,0,0,0,0,0,0,0,0,0,0,0,0,0,0,0,0,0,0,0,0,0,0,0,0,0,0,0,0,0,0,0,0,0,0,0,0,0,0,0,0,0,0,0,0,0,0,0,0,0,0,0,0,0,0,0,0,0,0,0,0,0,0,0,0,0,0,0,0,0,0,0,0,0,0,0,0,0,0,0,0,0,0,0,0
TorVersion Tor 0.2.4.23 (git-19f0f189116dba73)
LastRotatedOnionKey 2014-08-18 18:11:24
LastWritten 2014-08-21 11:34:34
TotalBuildTimes 100
CircuitBuildTimeBin 25 91
CircuitBuildTimeBin 75 3
CircuitBuildTimeBin 125 3
CircuitBuildTimeBin 175 3
